                                                                                                                                                                                             
                                                                                                                                                                                             
                                                                                                                                                                                             
                                                                                                                                                                                             
                                                                                                                                                                                             
                                                                                                                                                                                             
                                                                                                                                                                                             
                                                                                                                                                                                             
                                                                                                                                                                                             
                                                                                                                                                                                             
                                                                                                                                                                                             
                                                                                                                                                                                             
                                                                                                                                                                                             
                                                                                                                                                                                             
                   00000000000000000000000000000000000000000000000000000000000000000000000000000000000000000000000000000000000000000000000000000000000000000000000000000000                  
                   0       0                                                                                                                                              0                  
                   0       0                                                                                                                                              0                  
                   04      0                                                                                                                                              0                  
                   04    3 0                                                                                                                                              0                  
                   00 000000                                                                                                                                              0                  
                   0    0                                                                                                                                                 0                  
                   0    0                                                                                                                                                 0                  
                   0  2 0                                                                                                                                                 0                  
                   0    000000                                                                                                                                            0                  
                   0      1 50                                                                                                                                            0                  
                   00000000000                                                                                                                                            0                  
                   0                                                                                                                                                      0                  
                   0                                                                                                                                                      0                  
                   0                                                                                                                                                      0                  
                   0                                                                                                                                                      0                  
                   0                                                                                                                                                      0                  
                   0                                                                                                                                                      0                  
                   0                                                                                                                                                      0                  
                   0                                                                                                                                                      0                  
                   0                                                                                                                                                      0                  
                   0                                                                                                                                                      0                  
                   0                                                                                                                                                      0                  
                   0                                                                                                                                                      0                  
                   0                                                                                                                                                      0                  
                   0                                                                                                                                                      0                  
                   0                                                                                                                                                      0                  
                   0                                                                                                                                                      0                  
                   0                                                                                                                                                      0                  
                   0                                                                                                                                                      0                  
                   0                                                                                                                                                      0                  
                   0                                                                                                                                                      0                  
                   0                                                                                                                                                      0                  
                   0                                                                                                                                                      0                  
                   0                                                                                                                                                      0                  
                   0                                                                                                                                                      0                  
                   0                                                                                                                                                      0                  
                   0                                                                                                                                                      0                  
                   0                                                                                                                                                      0                  
                   0                                                                                                                                                      0                  
                   0                                                                                                                                                      0                  
                   0                                                                                                                                                      0                  
                   0                                                                                                                                                      0                  
                   0                                                                                                                                                      0                  
                   0                                                                                                                                                      0                  
                   0                                                                                                                                                      0                  
                   0                                                                                                                                                      0                  
                   0                                                                                                                                                      0                  
                   0                                                                                                                                                      0                  
                   0                                                                                                                                                      0                  
                   0                                                                                                                                                      0                  
                   0                                                                                                                                                      0                  
                   0                                                                                                                                                      0                  
                   00000000000000000000000000000000000000000000000000000000000000000000000000000000000000000000000000000000000000000000000000000000000000000000000000000000                  
                                                                                                                                                                                             
                                                                                                                                                                                             
                                                                                                                                                                                             
                                                                                                                                                                                             
                                                                                                                                                                                             
                                                                                                                                                                                             
                                                                                                                                                                                             
                                                                                                                                                                                             
                                                                                                                                                                                             
                                                                                                                                                                                             
                                                                                                                                                                                             
                                                                                                                                                                                             
                                                                                                                                                                                             
                                                                                                                                                                                             