                                                                                                                                                                                             
                                                                                                                                                                                             
                                                                                                                                                                                             
                                                                                                                                                                                             
                                                                                                                                                                                             
                                                                                                                                                                                             
                                                                                                                                                                                             
                                                                                                                                                                                             
                                                                                                                                                                                             
                                                                                                                                                                                             
                                                                                                                                                                                             
                                                                                                                                                                                             
                                                                                                                                                                                             
                                                                                                                                                                                             
                   00000000000000000000000000000000000000000000000000000000000000000000000000000000000000000000000000000000000000000000000000000000000000000000000000000000                  
                   0                  0                                0                                                                                                  0                  
                   0                  0       2  2  2                  0                                                                                                  0                  
                   0                  0                  44444444      0                                                                                                  0                  
                   0                  14444444           44444444      0                                                                                                  0                  
                   0   3              1   2              44444444      0                                                                                                  0                  
                   0                  0 2        5       44444444      0                                                                                                  0                  
                   00000000000000000000000000000000      44444444      0                                                                                                  0                  
                   0                              0      44444444      0                                                                                                  0                  
                   0                              0      44444444      0                                                                                                  0                  
                   0                              0                    0                                                                                                  0                  
                   0                              0000000000000000000000                                                                                                  0                  
                   0                                                                                                                                                      0                  
                   0                                                                                                                                                      0                  
                   0                                                                                                                                                      0                  
                   0                                                                                                                                                      0                  
                   0                                                                                                                                                      0                  
                   0                                                                                                                                                      0                  
                   0                                                                                                                                                      0                  
                   0                                                                                                                                                      0                  
                   0                                                                                                                                                      0                  
                   0                                                                                                                                                      0                  
                   0                                                                                                                                                      0                  
                   0                                                                                                                                                      0                  
                   0                                                                                                                                                      0                  
                   0                                                                                                                                                      0                  
                   0                                                                                                                                                      0                  
                   0                                                                                                                                                      0                  
                   0                                                                                                                                                      0                  
                   0                                                                                                                                                      0                  
                   0                                                                                                                                                      0                  
                   0                                                                                                                                                      0                  
                   0                                                                                                                                                      0                  
                   0                                                                                                                                                      0                  
                   0                                                                                                                                                      0                  
                   0                                                                                                                                                      0                  
                   0                                                                                                                                                      0                  
                   0                                                                                                                                                      0                  
                   0                                                                                                                                                      0                  
                   0                                                                                                                                                      0                  
                   0                                                                                                                                                      0                  
                   0                                                                                                                                                      0                  
                   0                                                                                                                                                      0                  
                   0                                                                                                                                                      0                  
                   0                                                                                                                                                      0                  
                   0                                                                                                                                                      0                  
                   0                                                                                                                                                      0                  
                   0                                                                                                                                                      0                  
                   0                                                                                                                                                      0                  
                   0                                                                                                                                                      0                  
                   0                                                                                                                                                      0                  
                   0                                                                                                                                                      0                  
                   0                                                                                                                                                      0                  
                   00000000000000000000000000000000000000000000000000000000000000000000000000000000000000000000000000000000000000000000000000000000000000000000000000000000                  
                                                                                                                                                                                             
                                                                                                                                                                                             
                                                                                                                                                                                             
                                                                                                                                                                                             
                                                                                                                                                                                             
                                                                                                                                                                                             
                                                                                                                                                                                             
                                                                                                                                                                                             
                                                                                                                                                                                             
                                                                                                                                                                                             
                                                                                                                                                                                             
                                                                                                                                                                                             
                                                                                                                                                                                             
                                                                                                                                                                                             